0	 -52.780853	 0.002095	 50.314465
1	 -54.365944	 0.001578	 251.572327
2	 -55.215302	 0.001434	 352.201263
3	 -54.128918	 0.001709	 352.201263
4	 -51.161522	 0.002561	 0.000000
5	 -56.817196	 0.001318	 50.314465
6	 -55.820099	 0.001317	 301.886780
7	 -58.717297	 0.000942	 150.943390
8	 -55.056194	 0.001615	 100.628929
9	 -57.963634	 0.000970	 704.402527
10	 -58.867207	 0.000964	 452.830200
11	 -56.044628	 0.001375	 352.201263
12	 -58.189903	 0.000994	 754.716980
13	 -60.028374	 0.000851	 603.773560
14	 -62.102509	 0.000638	 1408.805054
15	 -57.481842	 0.001093	 553.459106
16	 -57.780499	 0.001070	 503.144653
17	 -53.123550	 0.001836	 1106.918213
18	 -59.489227	 0.000845	 1257.861694
19	 -57.603333	 0.001055	 1056.603760
20	 -59.251812	 0.000944	 352.201263
21	 -57.802010	 0.001091	 654.088074
22	 -55.553467	 0.001430	 301.886780
23	 -54.684235	 0.001536	 251.572327
24	 -54.750862	 0.001654	 100.628929
25	 -56.758747	 0.001303	 0.000000
26	 -52.750542	 0.002148	 452.830200
27	 -57.473541	 0.001222	 50.314465
28	 -55.573044	 0.001299	 1006.289307
29	 -60.259556	 0.000741	 603.773560
30	 -54.715782	 0.001620	 452.830200
31	 -57.049854	 0.001300	 50.314465
32	 -53.488266	 0.001838	 150.943390
33	 -59.152580	 0.000931	 251.572327
34	 -53.120323	 0.002067	 0.000000
35	 -62.651894	 0.000657	 251.572327
36	 -60.872723	 0.000700	 603.773560
37	 -57.144329	 0.001031	 1408.805054
38	 -57.220303	 0.001252	 50.314465
39	 -62.263897	 0.000643	 553.459106
40	 -59.366581	 0.000869	 452.830200
41	 -55.807575	 0.001510	 0.000000
42	 -62.987423	 0.000567	 603.773560
43	 -64.371223	 0.000487	 754.716980
44	 -62.261261	 0.000656	 352.201263
45	 -59.447758	 0.000967	 0.000000
46	 -38.569630	 0.007371	 754.716980
47	 -38.850159	 0.009574	 654.088074
48	 -30.079477	 0.023442	 855.345886
49	 -30.428438	 0.024450	 1006.289307
50	 -27.091578	 0.036946	 955.974854
51	 -24.744886	 0.048813	 1106.918213
52	 -25.396194	 0.045181	 1157.232666
53	 -28.009485	 0.034292	 553.459106
54	 -22.164612	 0.064767	 855.345886
55	 -22.422758	 0.064639	 1006.289307
56	 -23.157669	 0.059509	 905.660400
57	 -22.565756	 0.062986	 704.402527
58	 -22.420008	 0.063254	 754.716980
59	 -22.376488	 0.063754	 805.031433
60	 -23.476730	 0.056910	 704.402527
61	 -23.400047	 0.057360	 704.402527
62	 -25.275175	 0.044427	 855.345886
63	 -26.671486	 0.039444	 402.515717
64	 -26.509045	 0.036930	 553.459106
65	 -25.838676	 0.040831	 553.459106
66	 -27.357700	 0.033781	 704.402527
67	 -25.914671	 0.040079	 704.402527
68	 -26.235533	 0.038278	 553.459106
69	 -26.641661	 0.037372	 1106.918213
70	 -28.019955	 0.028419	 855.345886
71	 -27.197138	 0.035306	 754.716980
72	 -27.917971	 0.032020	 301.886780
73	 -30.915455	 0.022181	 905.660400
74	 -30.627897	 0.025521	 402.515717
75	 -33.888584	 0.017303	 352.201263
76	 -36.167957	 0.013133	 301.886780
77	 -37.754620	 0.011298	 301.886780
78	 -36.453571	 0.013660	 150.943390
79	 -35.973579	 0.014340	 100.628929
80	 -39.537052	 0.009161	 150.943390
81	 -42.882618	 0.006596	 100.628929
82	 -45.655907	 0.004657	 201.257858
83	 -42.596107	 0.006858	 100.628929
84	 -44.225246	 0.005313	 150.943390
85	 -44.403610	 0.005215	 301.886780
86	 -49.472477	 0.002785	 201.257858
87	 -51.957962	 0.002267	 553.459106
88	 -51.144318	 0.002383	 402.515717
89	 -51.340061	 0.002349	 452.830200
90	 -50.076084	 0.002526	 704.402527
91	 -50.147343	 0.002324	 1911.949707
92	 -52.342274	 0.001847	 2415.094238
93	 -50.355083	 0.002346	 3119.496826
94	 -50.519276	 0.002335	 3874.213867
95	 -51.106304	 0.002183	 3723.270508
96	 -50.886250	 0.002314	 4779.874023
97	 -50.096466	 0.002443	 5081.761230
98	 -52.880154	 0.001713	 3371.069092
99	 -56.564301	 0.001175	 2364.779785
100	 -59.822880	 0.000814	 2012.578613
101	 -55.477257	 0.001391	 1257.861694
102	 -59.727516	 0.000799	 1459.119507
103	 -59.197571	 0.000859	 1660.377319
104	 -63.227978	 0.000573	 1358.490601
105	 -60.790615	 0.000746	 1358.490601
106	 -63.775185	 0.000539	 1459.119507
107	 -63.024750	 0.000574	 1207.547119
108	 -62.881355	 0.000542	 1459.119507
109	 -55.786427	 0.001245	 1610.062866
110	 -48.945930	 0.002524	 905.660400
111	 -43.272076	 0.006211	 150.943390
112	 -40.892284	 0.007640	 150.943390
113	 -39.280144	 0.009138	 352.201263
114	 -38.067558	 0.011053	 301.886780
115	 -39.997009	 0.008719	 201.257858
116	 -42.388874	 0.006288	 201.257858
117	 -42.997601	 0.006216	 150.943390
118	 -39.816277	 0.009163	 100.628929
119	 -40.281551	 0.008649	 150.943390
120	 -43.901047	 0.005332	 150.943390
121	 -46.984711	 0.003655	 150.943390
122	 -50.951725	 0.002548	 150.943390
123	 -49.189137	 0.003153	 100.628929
124	 -49.399277	 0.002865	 150.943390
125	 -49.263996	 0.002739	 201.257858
126	 -52.615891	 0.002069	 251.572327
127	 -40.229424	 0.007538	 251.572327
128	 -35.276089	 0.014034	 955.974854
129	 -34.054203	 0.016591	 1006.289307
130	 -33.181740	 0.018649	 654.088074
131	 -32.159698	 0.020774	 553.459106
132	 -32.055859	 0.021232	 603.773560
133	 -32.744312	 0.018449	 805.031433
134	 -33.946114	 0.015426	 1056.603760
135	 -35.054710	 0.014200	 955.974854
136	 -36.313614	 0.012173	 1106.918213
137	 -36.631954	 0.012244	 1056.603760
138	 -37.326725	 0.011084	 955.974854
139	 -39.268444	 0.008797	 704.402527
140	 -38.199150	 0.010193	 654.088074
141	 -39.201347	 0.009012	 754.716980
142	 -41.602245	 0.006887	 603.773560
143	 -42.515392	 0.005849	 805.031433
144	 -42.160458	 0.006132	 905.660400
145	 -41.004196	 0.007318	 855.345886
146	 -41.164581	 0.007112	 1006.289307
147	 -40.726971	 0.007292	 1106.918213
148	 -40.470024	 0.007675	 1006.289307
149	 -39.620541	 0.008366	 905.660400
150	 -41.708923	 0.006720	 704.402527
151	 -41.618954	 0.006669	 1056.603760
152	 -41.656448	 0.006848	 603.773560
153	 -41.690529	 0.007032	 603.773560
154	 -42.457844	 0.006561	 301.886780
155	 -42.526901	 0.006232	 503.144653
156	 -44.136646	 0.004943	 603.773560
157	 -44.575161	 0.004861	 452.830200
158	 -43.341854	 0.005841	 452.830200
159	 -45.121201	 0.004783	 100.628929
160	 -43.618725	 0.005539	 603.773560
161	 -46.728298	 0.003932	 955.974854
162	 -48.870827	 0.002697	 955.974854
163	 -49.331467	 0.002664	 1056.603760
164	 -47.979858	 0.003239	 955.974854
165	 -48.197845	 0.003320	 1056.603760
166	 -50.429638	 0.002508	 1056.603760
167	 -52.572769	 0.001955	 1106.918213
168	 -53.670853	 0.001708	 704.402527
169	 -52.700531	 0.001826	 1106.918213
170	 -55.653767	 0.001342	 1157.232666
171	 -57.377930	 0.001130	 805.031433
172	 -59.007572	 0.000907	 855.345886
173	 -54.183750	 0.001599	 452.830200
174	 -58.784164	 0.000952	 654.088074
175	 -57.892490	 0.001025	 905.660400
176	 -63.021202	 0.000549	 855.345886
177	 -59.580254	 0.000899	 251.572327
178	 -62.243385	 0.000648	 452.830200
179	 -64.368668	 0.000492	 1106.918213
180	 -58.951771	 0.000974	 201.257858
181	 -58.171612	 0.001104	 50.314465
182	 -63.333271	 0.000505	 654.088074
183	 -64.101913	 0.000525	 352.201263
184	 -66.243065	 0.000418	 452.830200
185	 -64.824646	 0.000475	 704.402527
186	 -60.111916	 0.000799	 452.830200
187	 -69.058052	 0.000270	 1157.232666
188	 -68.157585	 0.000317	 955.974854
189	 -63.960323	 0.000506	 1106.918213
190	 -68.409714	 0.000308	 1157.232666
191	 -62.814968	 0.000646	 100.628929
192	 -64.709335	 0.000450	 1006.289307
193	 -63.742447	 0.000541	 603.773560
194	 -54.697128	 0.001233	 955.974854
195	 -61.237137	 0.000683	 754.716980
196	 -63.660583	 0.000484	 1257.861694
197	 -64.503883	 0.000503	 805.031433
198	 -62.045010	 0.000642	 352.201263
199	 -66.338509	 0.000396	 955.974854
200	 -59.558048	 0.000946	 352.201263
201	 -88.405663	 0.000010	 301.886780
202	 -98.036385	 0.000005	 100.628929
203	 -65.856750	 0.000373	 301.886780
204	 -89.405510	 0.000021	 0.000000
205	 -97.436432	 0.000006	 150.943390
206	 -96.439430	 0.000007	 251.572327
207	 -95.915565	 0.000008	 503.144653
208	 -96.552238	 0.000007	 352.201263
209	 -97.035271	 0.000006	 100.628929
210	 -98.036385	 0.000005	 100.628929
211	 -97.726059	 0.000006	 50.314465
212	 -95.629120	 0.000009	 402.515717
213	 -92.807724	 0.000016	 0.000000
214	 -72.863625	 0.000202	 100.628929
215	 -75.769127	 0.000133	 100.628929
216	 -80.040604	 0.000073	 201.257858
217	 -83.440399	 0.000053	 301.886780
218	 -77.081635	 0.000123	 251.572327
219	 -72.910805	 0.000153	 503.144653
220	 -65.839355	 0.000397	 1056.603760
221	 -61.361099	 0.000656	 1006.289307
222	 -59.833061	 0.000797	 2012.578613
223	 -54.338562	 0.001558	 2666.666748
224	 -58.072029	 0.000977	 2465.408691
225	 -55.354042	 0.001338	 2113.207520
226	 -51.890057	 0.001822	 2113.207520
227	 -34.539543	 0.015818	 805.031433
228	 -32.983608	 0.017773	 1308.176147
229	 -31.635231	 0.021538	 1006.289307
230	 -32.283432	 0.019186	 1660.377319
231	 -32.737995	 0.019224	 855.345886
232	 -32.091522	 0.020098	 1257.861694
233	 -33.165825	 0.016933	 1559.748413
234	 -34.562637	 0.013171	 1660.377319
235	 -35.192554	 0.013410	 1509.433960
236	 -37.507248	 0.009518	 1660.377319
237	 -37.514256	 0.010239	 1257.861694
238	 -39.626141	 0.007845	 1408.805054
239	 -41.259289	 0.006575	 1056.603760
240	 -40.594261	 0.007580	 1006.289307
241	 -40.093357	 0.008350	 1559.748413
242	 -39.734718	 0.008516	 1811.320801
243	 -42.049820	 0.006561	 2364.779785
244	 -43.969730	 0.005243	 2213.836426
245	 -48.680191	 0.003000	 1106.918213
246	 -49.770870	 0.002795	 603.773560
247	 -50.965168	 0.002360	 654.088074
248	 -53.869652	 0.001729	 754.716980
249	 -58.022701	 0.001091	 805.031433
250	 -62.049343	 0.000632	 1610.062866
251	 -59.407654	 0.000927	 905.660400
252	 -59.423893	 0.000889	 955.974854
253	 -61.395924	 0.000716	 654.088074
254	 -66.960693	 0.000373	 1207.547119
255	 -66.167313	 0.000411	 1257.861694
256	 -65.498787	 0.000454	 855.345886
257	 -52.225773	 0.000736	 1308.176147
258	 -44.554890	 0.004457	 1106.918213
259	 -52.175343	 0.001699	 1308.176147
260	 -38.439270	 0.009722	 402.515717
261	 -33.576920	 0.016620	 754.716980
262	 -33.562149	 0.016480	 654.088074
263	 -34.955078	 0.013887	 805.031433
264	 -34.997204	 0.013891	 654.088074
265	 -34.354752	 0.014968	 603.773560
266	 -34.235519	 0.015544	 201.257858
267	 -36.929882	 0.011351	 352.201263
268	 -36.181015	 0.013703	 301.886780
269	 -40.050579	 0.007451	 452.830200
270	 -41.758526	 0.006851	 402.515717
271	 -41.225552	 0.007554	 150.943390
272	 -44.322556	 0.005014	 452.830200
273	 -46.379562	 0.004112	 150.943390
274	 -50.236992	 0.002632	 251.572327
275	 -51.145119	 0.002453	 201.257858
276	 -50.317585	 0.002710	 150.943390
277	 -51.854160	 0.002253	 150.943390
278	 -55.020538	 0.001612	 100.628929
279	 -56.828995	 0.001212	 100.628929
280	 -51.148193	 0.002041	 452.830200
281	 -54.002800	 0.001686	 1257.861694
282	 -55.738274	 0.001359	 1006.289307
283	 -53.618877	 0.001680	 553.459106
284	 -42.072617	 0.006713	 251.572327
285	 -38.420361	 0.009883	 603.773560
286	 -36.591187	 0.012890	 352.201263
287	 -35.347198	 0.015088	 301.886780
288	 -35.025650	 0.015528	 301.886780
289	 -34.521847	 0.016338	 100.628929
290	 -36.031887	 0.014150	 100.628929
291	 -39.655487	 0.008981	 603.773560
292	 -41.244324	 0.007336	 1962.264160
293	 -42.214054	 0.006013	 3119.496826
294	 -44.584000	 0.004824	 4427.672852
295	 -45.594826	 0.004272	 4477.987305
296	 -46.956036	 0.003669	 3974.842773
297	 -48.831852	 0.002708	 3773.584961
298	 -52.730244	 0.001788	 2767.295654
299	 -53.544533	 0.001721	 1861.635254
300	 -48.471050	 0.003083	 905.660400
301	 -39.157539	 0.009359	 352.201263
302	 -36.249702	 0.012099	 955.974854
303	 -35.253075	 0.014385	 503.144653
304	 -33.744320	 0.017640	 352.201263
305	 -31.944986	 0.021991	 201.257858
306	 -32.887604	 0.019853	 150.943390
307	 -32.257202	 0.021457	 100.628929
308	 -34.490246	 0.014808	 150.943390
309	 -36.534592	 0.012089	 100.628929
310	 -38.768677	 0.009787	 100.628929
311	 -42.318359	 0.006157	 100.628929
312	 -45.007843	 0.004654	 100.628929
313	 -45.213764	 0.004467	 301.886780
314	 -43.766003	 0.004959	 905.660400
315	 -42.029591	 0.006339	 1056.603760
316	 -41.517975	 0.006725	 955.974854
317	 -38.371578	 0.009313	 805.031433
318	 -36.765759	 0.011845	 654.088074
319	 -33.312740	 0.018018	 805.031433
320	 -32.539482	 0.019906	 855.345886
321	 -30.800959	 0.024190	 855.345886
322	 -32.872284	 0.017940	 754.716980
323	 -31.654434	 0.020440	 603.773560
324	 -32.256424	 0.020107	 553.459106
325	 -31.482082	 0.021913	 503.144653
326	 -32.510578	 0.019341	 352.201263
327	 -32.596073	 0.018537	 402.515717
328	 -32.326099	 0.020065	 251.572327
329	 -32.304146	 0.021275	 100.628929
330	 -32.680065	 0.020859	 150.943390
331	 -33.043983	 0.020409	 100.628929
332	 -32.664425	 0.020795	 100.628929
333	 -33.055592	 0.019490	 150.943390
334	 -33.519135	 0.019120	 100.628929
335	 -34.836548	 0.015728	 100.628929
336	 -35.594620	 0.014750	 100.628929
337	 -39.031075	 0.009286	 150.943390
338	 -40.844631	 0.007768	 100.628929
339	 -44.386478	 0.004802	 352.201263
340	 -45.692730	 0.004160	 553.459106
341	 -47.643913	 0.003354	 704.402527
342	 -42.688953	 0.005840	 251.572327
343	 -39.509323	 0.008336	 553.459106
344	 -37.492317	 0.011151	 251.572327
345	 -37.424194	 0.009942	 603.773560
346	 -35.119743	 0.014392	 503.144653
347	 -33.443199	 0.016596	 553.459106
348	 -34.604275	 0.013404	 805.031433
349	 -31.881205	 0.019146	 704.402527
350	 -31.769140	 0.019734	 654.088074
351	 -31.461344	 0.022445	 352.201263
352	 -33.722076	 0.018315	 150.943390
353	 -32.530273	 0.021705	 100.628929
354	 -34.603939	 0.015955	 251.572327
355	 -34.070034	 0.017595	 100.628929
356	 -33.702293	 0.017402	 452.830200
357	 -34.011753	 0.016244	 402.515717
358	 -35.152229	 0.013515	 654.088074
359	 -34.956696	 0.014298	 553.459106
360	 -34.385872	 0.014568	 1006.289307
361	 -35.512154	 0.013114	 805.031433
362	 -39.494045	 0.007613	 754.716980
363	 -43.508003	 0.005460	 402.515717
364	 -50.010101	 0.002425	 654.088074
365	 -46.691761	 0.003676	 452.830200
366	 -50.091599	 0.002515	 503.144653
367	 -55.196800	 0.001454	 402.515717
368	 -55.262447	 0.001382	 503.144653
369	 -57.113903	 0.001234	 50.314465
370	 -57.824913	 0.001093	 352.201263
371	 -57.879642	 0.001031	 452.830200
372	 -50.698009	 0.001780	 503.144653
373	 -54.589355	 0.001309	 654.088074
374	 -50.890064	 0.002419	 201.257858
375	 -40.411957	 0.007637	 603.773560
376	 -35.439808	 0.012974	 654.088074
377	 -36.498215	 0.012308	 805.031433
378	 -38.351128	 0.009852	 503.144653
379	 -37.972961	 0.010305	 805.031433
380	 -35.478367	 0.013774	 603.773560
381	 -34.382004	 0.015130	 805.031433
382	 -34.209789	 0.014689	 1106.918213
383	 -35.142654	 0.013707	 1106.918213
384	 -37.826321	 0.009587	 1358.490601
385	 -38.921516	 0.007573	 1559.748413
386	 -40.382538	 0.007629	 1308.176147
387	 -42.265957	 0.006124	 1408.805054
388	 -42.118469	 0.006298	 955.974854
389	 -40.934975	 0.007083	 905.660400
390	 -40.768700	 0.007239	 955.974854
391	 -40.392803	 0.007509	 1106.918213
392	 -41.787758	 0.006976	 704.402527
393	 -40.901932	 0.007680	 301.886780
394	 -42.960560	 0.005874	 654.088074
395	 -42.790279	 0.006087	 603.773560
396	 -44.208038	 0.005036	 805.031433
397	 -44.087952	 0.005093	 805.031433
398	 -43.467068	 0.005291	 855.345886
399	 -41.079578	 0.006866	 855.345886
400	 -38.188969	 0.009775	 805.031433
401	 -37.904015	 0.009877	 905.660400
402	 -38.436520	 0.009787	 704.402527
403	 -39.051437	 0.009358	 805.031433
404	 -40.809788	 0.007031	 855.345886
405	 -40.974014	 0.007565	 603.773560
406	 -39.910789	 0.007782	 754.716980
407	 -39.128448	 0.009031	 1006.289307
408	 -40.991196	 0.007037	 955.974854
409	 -45.340034	 0.004365	 654.088074
410	 -46.568836	 0.004100	 352.201263
411	 -47.526474	 0.003405	 402.515717
412	 -50.947914	 0.002323	 352.201263
413	 -52.230091	 0.002126	 150.943390
414	 -58.690529	 0.000883	 905.660400
415	 -59.512798	 0.000871	 352.201263
416	 -58.978920	 0.000972	 301.886780
417	 -60.715992	 0.000790	 251.572327
418	 -63.375576	 0.000564	 150.943390
419	 -69.605621	 0.000266	 704.402527
420	 -67.637871	 0.000341	 402.515717
421	 -69.618103	 0.000266	 402.515717
422	 -64.591545	 0.000418	 301.886780
423	 -67.661263	 0.000347	 352.201263
424	 -67.272850	 0.000360	 352.201263
425	 -67.411995	 0.000351	 352.201263
426	 -66.372810	 0.000400	 201.257858
427	 -68.267120	 0.000326	 201.257858
428	 -73.899841	 0.000153	 251.572327
429	 -74.626244	 0.000139	 402.515717
430	 -72.822273	 0.000178	 452.830200
431	 -73.862152	 0.000166	 452.830200
432	 -68.759819	 0.000278	 201.257858
433	 -72.949020	 0.000177	 452.830200
434	 -73.649673	 0.000165	 704.402527
435	 -72.121384	 0.000205	 503.144653
436	 -69.548058	 0.000266	 855.345886
437	 -70.442680	 0.000245	 1257.861694
438	 -68.721985	 0.000297	 1207.547119
439	 -66.911751	 0.000336	 1257.861694
440	 -66.944275	 0.000352	 955.974854
441	 -68.631584	 0.000304	 1207.547119
442	 -68.636932	 0.000287	 1710.691772
443	 -67.601334	 0.000336	 1610.062866
444	 -67.796417	 0.000340	 1207.547119
445	 -68.850624	 0.000287	 1408.805054
446	 -67.074928	 0.000365	 1358.490601
447	 -67.818695	 0.000324	 1358.490601
448	 -68.305969	 0.000311	 1811.320801
449	 -67.216560	 0.000358	 1811.320801
450	 -66.560143	 0.000388	 1006.289307
451	 -65.895386	 0.000407	 1559.748413
452	 -67.274338	 0.000338	 1962.264160
453	 -62.523010	 0.000596	 2314.465332
454	 -66.217278	 0.000377	 1962.264160
455	 -66.328079	 0.000383	 1559.748413
456	 -66.361198	 0.000378	 1559.748413
457	 -66.574707	 0.000374	 1509.433960
458	 -64.882530	 0.000438	 1610.062866
459	 -55.039253	 0.000947	 2163.521973
460	 -54.083515	 0.001555	 2314.465332
461	 -56.462776	 0.001152	 1911.949707
462	 -59.521259	 0.000858	 1861.635254
463	 -57.274715	 0.001065	 1962.264160
464	 -63.076496	 0.000559	 1660.377319
465	 -64.066177	 0.000498	 1660.377319
466	 -61.561863	 0.000677	 1811.320801
467	 -65.800545	 0.000408	 1911.949707
468	 -66.711472	 0.000367	 1358.490601
469	 -70.172989	 0.000247	 1056.603760
470	 -68.661568	 0.000300	 905.660400
471	 -69.089706	 0.000293	 855.345886
472	 -70.566475	 0.000236	 855.345886
473	 -72.586243	 0.000178	 805.031433
474	 -72.790916	 0.000184	 754.716980
475	 -73.988853	 0.000159	 805.031433
476	 -73.982529	 0.000162	 1006.289307
477	 -72.790916	 0.000177	 1056.603760
478	 -67.744827	 0.000319	 603.773560
479	 -62.041126	 0.000627	 1257.861694
480	 -64.349007	 0.000503	 855.345886
481	 -69.392113	 0.000265	 855.345886
482	 -71.858017	 0.000206	 503.144653
483	 -73.883736	 0.000169	 553.459106
484	 -72.392967	 0.000188	 704.402527
485	 -75.175987	 0.000136	 905.660400
486	 -71.607521	 0.000213	 503.144653
487	 -74.098534	 0.000171	 352.201263
488	 -73.462791	 0.000179	 402.515717
489	 -71.943382	 0.000201	 603.773560
490	 -70.958023	 0.000231	 553.459106
491	 -74.219063	 0.000160	 452.830200
492	 -73.476837	 0.000168	 654.088074
493	 -71.378670	 0.000209	 654.088074
494	 -73.893021	 0.000171	 503.144653
495	 -72.403511	 0.000190	 654.088074
496	 -74.123940	 0.000164	 553.459106
497	 -69.578232	 0.000270	 805.031433
498	 -46.835045	 0.003300	 352.201263
499	 -29.869427	 0.025064	 654.088074
500	 -22.488745	 0.062955	 1106.918213
501	 -21.993858	 0.066073	 1106.918213
502	 -20.691965	 0.079657	 1157.232666
503	 -20.893620	 0.075054	 1157.232666
504	 -21.534416	 0.070677	 1157.232666
505	 -21.121353	 0.072836	 1106.918213
506	 -22.474001	 0.060470	 1006.289307
507	 -22.999146	 0.056053	 1006.289307
508	 -23.097404	 0.054857	 1056.603760
509	 -23.595177	 0.048915	 1308.176147
510	 -23.928593	 0.048986	 1207.547119
511	 -25.121622	 0.041750	 1358.490601
512	 -26.784161	 0.035996	 1308.176147
513	 -33.007057	 0.018729	 855.345886
514	 -35.941528	 0.013020	 754.716980
515	 -34.755859	 0.015054	 754.716980
516	 -31.145380	 0.020440	 855.345886
517	 -27.128113	 0.034109	 905.660400
518	 -25.851856	 0.040151	 855.345886
519	 -25.188469	 0.044246	 1106.918213
520	 -26.921278	 0.036462	 805.031433
521	 -27.024347	 0.037015	 704.402527
522	 -27.920046	 0.034613	 654.088074
523	 -28.703783	 0.031449	 805.031433
524	 -32.059834	 0.021407	 654.088074
525	 -34.658287	 0.014801	 955.974854
526	 -36.261021	 0.012739	 603.773560
527	 -35.786018	 0.012886	 503.144653
528	 -38.819530	 0.008752	 654.088074
529	 -44.015522	 0.005287	 704.402527
530	 -43.498100	 0.005021	 805.031433
531	 -47.957886	 0.003294	 503.144653
532	 -42.356697	 0.006735	 251.572327
533	 -46.166641	 0.003711	 503.144653
534	 -46.188114	 0.004195	 301.886780
535	 -51.008766	 0.002194	 503.144653
536	 -48.103519	 0.003304	 150.943390
537	 -51.648869	 0.002188	 150.943390
538	 -53.499901	 0.001516	 402.515717
539	 -52.933117	 0.001903	 100.628929
540	 -61.141960	 0.000727	 301.886780
541	 -58.660641	 0.001005	 150.943390
542	 -60.133240	 0.000832	 50.314465
543	 -63.594090	 0.000540	 150.943390
544	 -63.873978	 0.000552	 201.257858
545	 -65.739838	 0.000440	 150.943390
546	 -70.071075	 0.000262	 603.773560
547	 -66.807243	 0.000376	 855.345886
548	 -64.758583	 0.000467	 805.031433
549	 -64.472191	 0.000505	 704.402527
550	 -64.659599	 0.000472	 855.345886
551	 -65.679688	 0.000422	 654.088074
552	 -65.251480	 0.000467	 402.515717
553	 -65.514862	 0.000432	 1157.232666
554	 -64.902260	 0.000475	 1056.603760
555	 -65.031815	 0.000450	 1006.289307
556	 -65.754082	 0.000426	 1106.918213
557	 -62.740547	 0.000599	 1207.547119
558	 -63.625896	 0.000549	 1610.062866
559	 -61.671680	 0.000675	 1459.119507
560	 -60.892643	 0.000727	 1308.176147
561	 -59.000256	 0.000870	 1509.433960
562	 -56.762730	 0.001196	 1358.490601
563	 -59.554737	 0.000844	 1509.433960
564	 -57.703888	 0.001056	 1106.918213
565	 -60.149250	 0.000778	 1408.805054
566	 -59.720257	 0.000854	 1408.805054
567	 -58.468193	 0.000949	 1559.748413
568	 -58.370781	 0.000953	 1358.490601
569	 -58.875980	 0.000952	 1509.433960
570	 -56.640823	 0.001241	 1408.805054
571	 -60.888950	 0.000728	 1308.176147
572	 -59.832867	 0.000815	 1559.748413
573	 -57.088306	 0.001070	 1408.805054
574	 -56.721252	 0.001221	 1408.805054
575	 -58.807903	 0.000946	 1710.691772
576	 -59.576813	 0.000872	 1408.805054
577	 -62.248470	 0.000604	 1257.861694
578	 -62.086582	 0.000640	 905.660400
579	 -59.882481	 0.000825	 1358.490601
580	 -62.612041	 0.000590	 1257.861694
581	 -64.299950	 0.000488	 955.974854
582	 -64.766754	 0.000487	 905.660400
583	 -64.776543	 0.000458	 855.345886
584	 -66.162506	 0.000391	 855.345886
585	 -64.917297	 0.000492	 553.459106
586	 -66.565872	 0.000406	 251.572327
587	 -66.153839	 0.000408	 452.830200
588	 -61.790264	 0.000680	 402.515717
589	 -63.134998	 0.000564	 301.886780
590	 -60.605297	 0.000764	 805.031433
591	 -57.596931	 0.001101	 301.886780
592	 -62.828571	 0.000638	 100.628929
593	 -45.618851	 0.004046	 201.257858
594	 -39.067459	 0.009578	 352.201263
595	 -36.320942	 0.012383	 704.402527
596	 -34.313301	 0.016208	 402.515717
597	 -32.687649	 0.019329	 503.144653
598	 -31.966639	 0.021226	 503.144653
599	 -28.488663	 0.031490	 1006.289307
600	 -26.952805	 0.036345	 805.031433
601	 -24.931311	 0.045205	 1056.603760
602	 -24.092894	 0.049297	 1257.861694
603	 -22.434826	 0.061462	 1207.547119
604	 -22.869759	 0.059280	 1207.547119
605	 -25.499329	 0.042719	 955.974854
606	 -24.861727	 0.046578	 1106.918213
607	 -23.922489	 0.053934	 1106.918213
608	 -26.485907	 0.039074	 1056.603760
609	 -31.974316	 0.019550	 855.345886
610	 -36.392986	 0.012430	 553.459106
611	 -36.931999	 0.011641	 855.345886
612	 -36.552917	 0.011545	 603.773560
613	 -34.760269	 0.013693	 704.402527
614	 -31.187765	 0.021569	 855.345886
615	 -30.487555	 0.024791	 754.716980
616	 -29.328138	 0.029225	 1006.289307
617	 -29.488150	 0.027504	 1207.547119
618	 -28.077330	 0.033232	 955.974854
619	 -28.263964	 0.031437	 1006.289307
620	 -29.487242	 0.026432	 1106.918213
621	 -31.368013	 0.021355	 1056.603760
622	 -31.646971	 0.019912	 805.031433
623	 -32.925583	 0.017471	 855.345886
624	 -32.422657	 0.018687	 704.402527
625	 -35.457417	 0.013806	 805.031433
626	 -33.358452	 0.018116	 603.773560
627	 -34.100986	 0.014638	 654.088074
628	 -35.125614	 0.014149	 603.773560
629	 -33.593834	 0.016504	 503.144653
630	 -35.034508	 0.015327	 301.886780
631	 -32.609581	 0.020680	 402.515717
632	 -34.292339	 0.016244	 603.773560
633	 -33.130283	 0.019102	 503.144653
634	 -31.863932	 0.021097	 704.402527
635	 -30.998871	 0.023152	 1006.289307
636	 -31.024166	 0.023717	 905.660400
637	 -30.470457	 0.024738	 1056.603760
638	 -31.863735	 0.020228	 1006.289307
639	 -32.330441	 0.019688	 754.716980
640	 -32.252876	 0.019991	 452.830200
641	 -33.817154	 0.017463	 301.886780
642	 -33.202221	 0.019697	 100.628929
643	 -35.769711	 0.014260	 150.943390
644	 -36.500839	 0.013471	 201.257858
645	 -38.377937	 0.010053	 654.088074
646	 -41.152958	 0.007387	 452.830200
647	 -44.402233	 0.005195	 1157.232666
648	 -45.381397	 0.004534	 1157.232666
649	 -44.624229	 0.004671	 2666.666748
650	 -48.260284	 0.003090	 1308.176147
651	 -49.987534	 0.002600	 1207.547119
652	 -51.794315	 0.002093	 1509.433960
653	 -44.531227	 0.004550	 905.660400
654	 -34.886803	 0.015214	 251.572327
655	 -29.951265	 0.026569	 1056.603760
656	 -30.224976	 0.024432	 1207.547119
657	 -28.174894	 0.032038	 905.660400
658	 -28.255478	 0.033055	 704.402527
659	 -28.921379	 0.031059	 452.830200
660	 -28.339336	 0.033873	 201.257858
661	 -28.735926	 0.030173	 402.515717
662	 -29.079556	 0.026976	 905.660400
663	 -30.851366	 0.022174	 704.402527
664	 -31.480200	 0.021779	 654.088074
665	 -32.705627	 0.017890	 1056.603760
666	 -31.660725	 0.019738	 1106.918213
667	 -31.296270	 0.021414	 1056.603760
668	 -33.290527	 0.016587	 1056.603760
669	 -36.473709	 0.011252	 503.144653
670	 -36.862839	 0.010830	 553.459106
671	 -35.278332	 0.014595	 301.886780
672	 -36.193127	 0.013103	 150.943390
673	 -35.358582	 0.014769	 301.886780
674	 -34.875580	 0.015241	 251.572327
675	 -33.109383	 0.018414	 301.886780
676	 -37.039120	 0.011437	 150.943390
677	 -41.014530	 0.007681	 100.628929
678	 -44.726864	 0.004743	 352.201263
679	 -39.627529	 0.009209	 100.628929
680	 -39.062813	 0.009842	 150.943390
681	 -46.258892	 0.003738	 251.572327
682	 -47.432793	 0.003454	 150.943390
683	 -50.069939	 0.002550	 201.257858
684	 -54.714645	 0.001506	 100.628929
685	 -45.993572	 0.004432	 150.943390
686	 -49.574768	 0.002927	 150.943390
687	 -54.675529	 0.001642	 150.943390
688	 -59.105728	 0.000993	 150.943390
689	 -55.228214	 0.001592	 100.628929
690	 -52.907288	 0.001965	 100.628929
691	 -53.126530	 0.001871	 150.943390
692	 -54.073578	 0.001674	 201.257858
693	 -52.866692	 0.001895	 150.943390
694	 -49.319614	 0.002865	 201.257858
695	 -49.618362	 0.002169	 100.628929
696	 -40.160076	 0.008805	 201.257858
697	 -39.413368	 0.009527	 150.943390
698	 -42.021145	 0.006790	 150.943390
699	 -40.269283	 0.008400	 150.943390
700	 -43.350334	 0.005567	 503.144653
701	 -41.110535	 0.007256	 251.572327
702	 -35.882988	 0.012220	 1006.289307
703	 -32.630047	 0.019508	 1106.918213
704	 -30.851561	 0.022712	 1408.805054
705	 -30.284008	 0.024419	 1610.062866
706	 -32.336269	 0.019769	 654.088074
707	 -30.644548	 0.025006	 503.144653
708	 -31.346334	 0.020860	 704.402527
709	 -30.587782	 0.024140	 352.201263
710	 -31.087677	 0.023218	 352.201263
711	 -29.731054	 0.027317	 402.515717
712	 -30.322409	 0.025172	 553.459106
713	 -29.420595	 0.029069	 402.515717
714	 -31.233984	 0.022588	 553.459106
715	 -31.460140	 0.023132	 201.257858
716	 -35.095867	 0.014965	 100.628929
717	 -35.848278	 0.013563	 704.402527
718	 -40.578281	 0.007743	 1660.377319
719	 -43.703632	 0.005516	 301.886780
720	 -47.757866	 0.003176	 855.345886
721	 -49.245327	 0.003012	 503.144653
722	 -50.589817	 0.002654	 301.886780
723	 -52.401196	 0.002124	 352.201263
724	 -51.236851	 0.002310	 452.830200
725	 -50.694420	 0.002558	 301.886780
726	 -49.884754	 0.002714	 955.974854
727	 -49.017773	 0.002937	 1308.176147
728	 -48.686161	 0.003171	 503.144653
729	 -35.573044	 0.014848	 251.572327
730	 -34.755863	 0.015267	 301.886780
731	 -33.970310	 0.016591	 150.943390
732	 -31.437269	 0.022722	 150.943390
733	 -32.790302	 0.018147	 100.628929
734	 -29.940580	 0.027466	 201.257858
735	 -29.796656	 0.027467	 251.572327
736	 -29.457939	 0.028358	 251.572327
737	 -28.955643	 0.029813	 603.773560
738	 -29.229277	 0.029783	 402.515717
739	 -30.311773	 0.025203	 754.716980
740	 -30.882788	 0.022854	 805.031433
741	 -31.341385	 0.021828	 754.716980
742	 -32.078873	 0.019229	 855.345886
743	 -33.927734	 0.016310	 855.345886
744	 -33.419174	 0.017001	 654.088074
745	 -32.530277	 0.019864	 402.515717
746	 -31.129654	 0.023379	 301.886780
747	 -31.125563	 0.024499	 100.628929
748	 -29.581184	 0.027978	 301.886780
749	 -29.235090	 0.026904	 654.088074
750	 -27.122559	 0.036757	 503.144653
751	 -28.623163	 0.029589	 704.402527
752	 -28.081820	 0.031182	 603.773560
753	 -29.141178	 0.027685	 503.144653
754	 -29.500015	 0.028658	 603.773560
755	 -30.604242	 0.025352	 553.459106
756	 -31.238991	 0.024083	 452.830200
757	 -31.928829	 0.022308	 503.144653
758	 -30.890844	 0.022949	 603.773560
759	 -31.227978	 0.022529	 754.716980
760	 -28.314768	 0.031834	 855.345886
761	 -32.025593	 0.019946	 905.660400
762	 -34.475304	 0.015131	 754.716980
763	 -33.607342	 0.016324	 1006.289307
764	 -35.359455	 0.014034	 654.088074
765	 -39.691128	 0.008312	 251.572327
766	 -41.654537	 0.006600	 654.088074
767	 -42.842243	 0.005914	 603.773560
768	 -46.018417	 0.004181	 704.402527
769	 -48.636639	 0.003035	 452.830200
770	 -51.643696	 0.002213	 553.459106
771	 -48.378609	 0.002904	 1056.603760
772	 -53.433197	 0.001717	 955.974854
773	 -55.855320	 0.001315	 955.974854
774	 -55.806862	 0.001309	 855.345886
775	 -53.208042	 0.001672	 955.974854
776	 -50.757740	 0.002288	 1257.861694
777	 -51.630726	 0.001976	 1056.603760
778	 -54.087460	 0.001578	 1106.918213
779	 -57.682648	 0.001061	 855.345886
780	 -58.324162	 0.000994	 905.660400
781	 -58.797943	 0.000940	 855.345886
782	 -60.946720	 0.000718	 955.974854
783	 -60.335243	 0.000756	 1106.918213
784	 -61.176857	 0.000702	 704.402527
785	 -63.784599	 0.000521	 805.031433
786	 -64.899918	 0.000448	 1056.603760
787	 -63.703247	 0.000500	 905.660400
788	 -63.102757	 0.000562	 402.515717
789	 -64.669960	 0.000465	 603.773560
790	 -65.067635	 0.000443	 654.088074
791	 -66.005325	 0.000390	 905.660400
792	 -69.053574	 0.000289	 955.974854
793	 -65.861816	 0.000438	 754.716980
794	 -67.049866	 0.000363	 654.088074
795	 -66.877747	 0.000377	 654.088074
796	 -66.799980	 0.000365	 754.716980
797	 -66.632759	 0.000375	 704.402527
798	 -67.678261	 0.000340	 553.459106
799	 -68.128731	 0.000323	 654.088074
800	 -66.123810	 0.000390	 654.088074
801	 -65.319351	 0.000459	 955.974854
802	 -64.867310	 0.000466	 955.974854
803	 -66.777054	 0.000356	 1006.289307
804	 -64.282227	 0.000474	 1358.490601
805	 -62.085766	 0.000595	 805.031433
806	 -65.958420	 0.000395	 1056.603760
807	 -66.756882	 0.000369	 503.144653
808	 -65.147446	 0.000467	 301.886780
809	 -65.771805	 0.000431	 654.088074
810	 -66.225647	 0.000418	 603.773560
811	 -67.360619	 0.000363	 654.088074
812	 -65.680809	 0.000367	 553.459106
813	 -66.954918	 0.000356	 905.660400
814	 -51.826958	 0.001068	 603.773560
815	 -42.571468	 0.005092	 1006.289307
816	 -35.061005	 0.013194	 905.660400
817	 -30.566895	 0.023277	 1207.547119
818	 -28.558208	 0.029119	 1257.861694
819	 -26.632334	 0.035861	 1157.232666
820	 -24.605337	 0.043951	 1509.433960
821	 -29.653141	 0.026251	 1157.232666
822	 -36.882309	 0.011602	 1157.232666
823	 -37.541451	 0.010882	 704.402527
824	 -38.364601	 0.010251	 754.716980
825	 -40.122707	 0.008670	 402.515717
826	 -43.130348	 0.005771	 654.088074
827	 -44.947041	 0.004852	 704.402527
828	 -43.470543	 0.005192	 1257.861694
829	 -46.987595	 0.003565	 905.660400
830	 -49.598125	 0.002811	 603.773560
831	 -52.496159	 0.001956	 855.345886
832	 -55.473339	 0.001381	 1006.289307
833	 -56.170982	 0.001220	 603.773560
834	 -54.962860	 0.001592	 352.201263
835	 -57.395962	 0.001165	 452.830200
836	 -57.484505	 0.001099	 603.773560
837	 -45.179749	 0.004059	 1610.062866
838	 -52.012379	 0.001941	 2213.836426
839	 -39.720890	 0.007770	 251.572327
840	 -32.879589	 0.018498	 603.773560
841	 -29.869257	 0.026314	 905.660400
842	 -33.429989	 0.017196	 905.660400
843	 -38.782852	 0.009227	 704.402527
844	 -35.556381	 0.013970	 402.515717
845	 -36.253208	 0.012329	 503.144653
846	 -31.734318	 0.022034	 301.886780
847	 -28.898478	 0.028907	 503.144653
848	 -28.840445	 0.028897	 805.031433
849	 -28.979773	 0.029145	 1006.289307
850	 -28.747627	 0.032672	 402.515717
851	 -29.062372	 0.030198	 553.459106
852	 -29.153734	 0.028175	 503.144653
853	 -31.146111	 0.021931	 553.459106
854	 -36.924873	 0.010735	 704.402527
855	 -38.249649	 0.009781	 704.402527
856	 -37.172314	 0.011433	 855.345886
857	 -34.957401	 0.014352	 1056.603760
858	 -31.234083	 0.020053	 1207.547119
859	 -30.788328	 0.020966	 1207.547119
860	 -31.358261	 0.019874	 1559.748413
861	 -31.903652	 0.019090	 1106.918213
862	 -32.738586	 0.017159	 1157.232666
863	 -33.694660	 0.015140	 905.660400
864	 -33.065777	 0.016298	 1006.289307
865	 -34.086098	 0.015609	 1056.603760
866	 -33.963135	 0.015115	 955.974854
867	 -35.848511	 0.012739	 905.660400
868	 -35.510014	 0.013938	 955.974854
869	 -37.882725	 0.009505	 955.974854
870	 -39.214985	 0.008840	 1157.232666
871	 -40.603115	 0.007473	 955.974854
872	 -42.148533	 0.006506	 503.144653
873	 -41.790283	 0.007202	 301.886780
874	 -43.996105	 0.005195	 352.201263
875	 -46.983845	 0.003872	 201.257858
876	 -48.748863	 0.003118	 553.459106
877	 -49.160240	 0.003049	 50.314465
878	 -51.993488	 0.001999	 654.088074
879	 -53.989147	 0.001662	 301.886780
880	 -59.713150	 0.000850	 452.830200
881	 -60.321095	 0.000805	 402.515717
882	 -59.394108	 0.000901	 553.459106
883	 -57.559242	 0.001100	 1056.603760
884	 -56.272659	 0.001261	 955.974854
885	 -57.535385	 0.001082	 1610.062866
886	 -59.813450	 0.000845	 1308.176147
887	 -49.519585	 0.002448	 1509.433960
888	 -56.796932	 0.001139	 1408.805054
889	 -61.406395	 0.000663	 654.088074
890	 -63.042339	 0.000569	 1056.603760
891	 -61.885834	 0.000667	 805.031433
892	 -64.991974	 0.000447	 251.572327
893	 -68.348274	 0.000303	 251.572327
894	 -69.879311	 0.000257	 452.830200
895	 -71.181137	 0.000218	 503.144653
896	 -70.907883	 0.000221	 452.830200
897	 -70.311989	 0.000261	 251.572327
898	 -72.440598	 0.000196	 503.144653
899	 -72.013145	 0.000194	 603.773560
900	 -75.287285	 0.000138	 704.402527
901	 -69.053780	 0.000285	 301.886780
902	 -68.980202	 0.000290	 402.515717
903	 -71.536728	 0.000216	 704.402527
904	 -69.922798	 0.000258	 603.773560
905	 -71.460335	 0.000217	 402.515717
906	 -71.981117	 0.000200	 352.201263
907	 -74.285683	 0.000153	 654.088074
908	 -70.526909	 0.000245	 50.314465
909	 -64.198143	 0.000493	 150.943390
910	 -55.753498	 0.001388	 50.314465
911	 -45.038334	 0.004883	 150.943390
912	 -45.848804	 0.004416	 150.943390
913	 -43.105068	 0.006017	 100.628929
914	 -45.490829	 0.004757	 100.628929
915	 -47.125156	 0.003799	 150.943390
916	 -48.916199	 0.003191	 100.628929
917	 -53.408939	 0.001696	 201.257858
918	 -45.286232	 0.003349	 301.886780
919	 -38.536526	 0.009041	 503.144653
920	 -34.668842	 0.014157	 503.144653
921	 -33.175003	 0.017202	 704.402527
922	 -31.483503	 0.022109	 704.402527
923	 -29.839266	 0.027993	 754.716980
924	 -33.445744	 0.018216	 503.144653
925	 -42.824455	 0.005443	 503.144653
926	 -43.391907	 0.005881	 503.144653
927	 -46.655220	 0.003693	 704.402527
928	 -45.091244	 0.004658	 251.572327
929	 -48.595551	 0.003119	 352.201263
930	 -51.214203	 0.002133	 452.830200
931	 -53.932827	 0.001582	 603.773560
932	 -54.598656	 0.001498	 704.402527
933	 -33.716797	 0.015808	 1056.603760
934	 -37.075619	 0.011147	 1358.490601
935	 -31.445274	 0.020515	 955.974854
936	 -27.062042	 0.037780	 1157.232666
937	 -27.403063	 0.035102	 1207.547119
938	 -26.820168	 0.036576	 1157.232666
939	 -26.143303	 0.039937	 1408.805054
940	 -28.696804	 0.030417	 1056.603760
941	 -30.632025	 0.024265	 1006.289307
942	 -34.497353	 0.015353	 905.660400
943	 -35.648380	 0.013136	 603.773560
944	 -34.959236	 0.014860	 352.201263
945	 -40.015568	 0.007812	 654.088074
946	 -39.460621	 0.008127	 402.515717
947	 -40.679443	 0.007569	 503.144653
948	 -41.318108	 0.006449	 553.459106
949	 -39.894279	 0.008473	 301.886780
950	 -41.609577	 0.006108	 553.459106
951	 -43.136051	 0.004845	 352.201263
952	 -47.368336	 0.003689	 402.515717
953	 -48.771152	 0.002806	 402.515717
954	 -48.645893	 0.003141	 855.345886
955	 -50.457535	 0.002479	 1006.289307
956	 -44.953941	 0.004620	 1509.433960
957	 -45.905998	 0.004107	 1459.119507
958	 -51.987823	 0.001955	 1459.119507
959	 -55.490425	 0.001382	 1207.547119
960	 -56.227013	 0.001216	 905.660400
961	 -58.541939	 0.000970	 754.716980
962	 -59.449028	 0.000855	 754.716980
963	 -62.349461	 0.000638	 553.459106
964	 -65.278244	 0.000446	 855.345886
965	 -63.773678	 0.000510	 855.345886
966	 -63.069569	 0.000575	 805.031433
967	 -64.202400	 0.000477	 1056.603760
968	 -64.289757	 0.000504	 805.031433
969	 -64.130676	 0.000511	 1207.547119
970	 -63.338722	 0.000558	 754.716980
971	 -65.464310	 0.000416	 1056.603760
972	 -64.058060	 0.000499	 855.345886
973	 -66.055290	 0.000400	 955.974854
974	 -66.588631	 0.000375	 955.974854
975	 -64.834557	 0.000455	 1207.547119
976	 -65.568108	 0.000403	 1056.603760
977	 -67.739120	 0.000336	 654.088074
978	 -70.892021	 0.000235	 603.773560
979	 -70.657867	 0.000226	 905.660400
980	 -69.177719	 0.000272	 955.974854
981	 -66.453941	 0.000390	 754.716980
982	 -67.691910	 0.000333	 603.773560
983	 -60.417645	 0.000601	 805.031433
984	 -61.236935	 0.000644	 603.773560
985	 -67.248238	 0.000346	 704.402527
986	 -71.859955	 0.000204	 805.031433
987	 -71.010025	 0.000221	 603.773560
988	 -69.677780	 0.000263	 402.515717
989	 -71.713486	 0.000201	 704.402527
990	 -72.164856	 0.000202	 150.943390
991	 -72.624931	 0.000197	 553.459106
992	 -71.693657	 0.000213	 352.201263
993	 -71.167221	 0.000194	 704.402527
994	 -72.013550	 0.000200	 352.201263
995	 -73.951645	 0.000167	 452.830200
996	 -73.189873	 0.000171	 503.144653
997	 -73.265884	 0.000189	 301.886780
998	 -72.950020	 0.000187	 603.773560
999	 -72.641617	 0.000179	 503.144653
1000	 -70.495056	 0.000245	 352.201263
1001	 -72.607849	 0.000201	 352.201263
1002	 -72.429970	 0.000186	 352.201263
1003	 -73.357468	 0.000171	 603.773560
1004	 -72.857277	 0.000193	 402.515717
1005	 -72.914261	 0.000179	 352.201263
1006	 -75.067474	 0.000138	 352.201263
1007	 -75.065849	 0.000142	 603.773560
1008	 -76.153008	 0.000124	 704.402527
1009	 -72.202477	 0.000204	 352.201263
1010	 -76.239342	 0.000123	 603.773560
1011	 -75.424370	 0.000134	 452.830200
1012	 -73.559814	 0.000172	 402.515717
1013	 -71.948135	 0.000196	 452.830200
1014	 -71.285233	 0.000221	 150.943390
1015	 -71.113312	 0.000226	 452.830200
1016	 -69.527832	 0.000261	 352.201263
1017	 -70.571373	 0.000241	 201.257858
1018	 -73.881882	 0.000162	 704.402527
1019	 -72.755493	 0.000200	 150.943390
1020	 -72.433510	 0.000191	 754.716980
1021	 -67.957817	 0.000324	 352.201263
1022	 -71.331009	 0.000233	 201.257858
1023	 -70.960861	 0.000207	 553.459106
1024	 -70.432892	 0.000245	 654.088074
1025	 -70.310081	 0.000257	 251.572327
1026	 -71.352699	 0.000219	 603.773560
1027	 -72.799095	 0.000177	 352.201263
1028	 -73.543205	 0.000169	 503.144653
1029	 -72.534279	 0.000194	 704.402527
1030	 -72.374153	 0.000194	 251.572327
1031	 -73.138535	 0.000190	 301.886780
1032	 -72.316025	 0.000196	 301.886780
1033	 -77.254143	 0.000113	 603.773560
1034	 -70.791985	 0.000230	 251.572327
1035	 -75.277054	 0.000147	 452.830200
1036	 -70.218208	 0.000257	 402.515717
1037	 -74.047523	 0.000162	 503.144653
1038	 -72.567482	 0.000183	 503.144653
1039	 -74.709930	 0.000153	 251.572327
1040	 -73.883736	 0.000171	 251.572327
1041	 -73.930351	 0.000169	 352.201263
1042	 -70.474426	 0.000238	 402.515717
1043	 -74.282295	 0.000161	 251.572327
1044	 -71.084015	 0.000236	 201.257858
1045	 -74.007263	 0.000158	 654.088074
1046	 -74.958427	 0.000146	 704.402527
1047	 -71.985909	 0.000210	 402.515717
1048	 -71.405487	 0.000217	 301.886780
1049	 -71.466713	 0.000219	 654.088074
1050	 -61.798290	 0.000471	 1056.603760
1051	 -61.257114	 0.000686	 1358.490601
1052	 -60.031071	 0.000806	 2012.578613
1053	 -62.560730	 0.000611	 1761.006348
1054	 -66.458969	 0.000385	 1861.635254
1055	 -65.936050	 0.000411	 1056.603760
1056	 -67.491989	 0.000336	 1610.062866
1057	 -67.736862	 0.000321	 1610.062866
1058	 -69.425201	 0.000261	 1559.748413
1059	 -68.570221	 0.000282	 1157.232666
1060	 -71.937454	 0.000197	 1056.603760
1061	 -74.409500	 0.000158	 704.402527
1062	 -71.297478	 0.000220	 1006.289307
1063	 -71.482330	 0.000191	 654.088074
1064	 -76.796837	 0.000116	 553.459106
1065	 -74.103737	 0.000155	 754.716980
1066	 -74.379601	 0.000153	 352.201263
1067	 -73.960449	 0.000166	 503.144653
1068	 -72.709015	 0.000207	 150.943390
1069	 -73.297638	 0.000185	 251.572327
1070	 -76.446236	 0.000121	 654.088074
1071	 -73.329628	 0.000157	 503.144653
1072	 -70.269279	 0.000236	 855.345886
1073	 -75.127975	 0.000140	 654.088074
1074	 -73.520973	 0.000176	 251.572327
1075	 -71.744354	 0.000234	 150.943390
1076	 -71.215446	 0.000215	 352.201263
1077	 -73.698563	 0.000168	 452.830200
1078	 -72.298820	 0.000200	 452.830200
1079	 -72.833908	 0.000179	 503.144653
1080	 -71.584885	 0.000224	 150.943390
1081	 -75.526039	 0.000130	 704.402527
1082	 -72.908333	 0.000195	 553.459106
1083	 -72.403069	 0.000178	 654.088074
1084	 -75.093529	 0.000142	 855.345886
1085	 -73.636803	 0.000169	 553.459106
1086	 -71.960419	 0.000197	 352.201263
1087	 -73.152618	 0.000181	 352.201263
1088	 -72.847527	 0.000176	 654.088074
1089	 -72.787071	 0.000186	 503.144653
1090	 -76.441780	 0.000115	 1157.232666
1091	 -74.951309	 0.000138	 352.201263
1092	 -72.959000	 0.000195	 503.144653
1093	 -71.634323	 0.000220	 352.201263
1094	 -74.139648	 0.000164	 251.572327
1095	 -70.565895	 0.000242	 251.572327
1096	 -71.299187	 0.000222	 301.886780
1097	 -73.743225	 0.000170	 352.201263
1098	 -71.672050	 0.000194	 452.830200
1099	 -66.677933	 0.000405	 201.257858
1100	 -72.783234	 0.000186	 452.830200
1101	 -74.889305	 0.000134	 503.144653
1102	 -75.292419	 0.000138	 553.459106
1103	 -72.059608	 0.000202	 452.830200
1104	 -75.482941	 0.000128	 452.830200
1105	 -76.943146	 0.000105	 704.402527
1106	 -73.965485	 0.000172	 201.257858
1107	 -69.782059	 0.000273	 201.257858
1108	 -70.678505	 0.000245	 100.628929
1109	 -70.809914	 0.000253	 251.572327
1110	 -76.118736	 0.000134	 553.459106
1111	 -74.010445	 0.000157	 603.773560
1112	 -73.227448	 0.000174	 452.830200
1113	 -72.876839	 0.000191	 251.572327
1114	 -70.884575	 0.000237	 503.144653
1115	 -74.991814	 0.000141	 352.201263
1116	 -73.852318	 0.000154	 654.088074
1117	 -74.838181	 0.000140	 503.144653
